2 11407.6
4 6509.91
6 4576.08
8 3480.56
10 2838.2
12 2941.21
14 2681.14
16 2108.11
18 2144.76
20 2095.37
22 1840.19
24 1741.15
26 1693.76
28 1700.68
30 1712.43
32 1684.82
34 1811.54
36 1456.65
38 1476.48
40 1439.99
42 1447.32
44 1442.37
46 1492.88
48 1148.65
50 1089.81
52 1083.28
54 1108.49
56 1088.87
58 1087.11
60 1091.82
62 1088.35
64 1105.34
66 1095.25
68 1094.63
70 1093.99
72 1094.32
74 1103.76
76 1104.98
78 1096.06
80 1094.87
82 1093.5
84 1096.97
86 1103.23
88 1092.57
90 1100.48
92 1096.68
94 1101.94
96 1099.7
98 1097.26
100 1141.25
102 1096.68
104 1103.21
106 1106.43
108 1099.43
110 1103.52
112 1101.24
114 1100.64
116 1099.18
118 1102.05
120 1097.7
122 1100.46
124 1105.88
126 1103.28
128 1126.42